-2378.18589393
-13194.1858939
-21086.1858939
-30986.1858939
-40901.1858939
-47319.1858939
-55546.1858939
-61174.1858939
-67864.1858939
-72554.1858939
-77544.1858939
-77644.1858939
-78812.1858939
-80679.1858939
-82513.1858939
-78604.1858939
-74283.1858939
-63960.1858939
-50001.1858939
-36354.1858939
-21098.1858939
-7800.18589393
4183.81410607
16437.8141061
28428.8141061
41008.8141061
51680.8141061
61134.8141061
69018.8141061
74593.8141061
76866.8141061
80628.8141061
82935.8141061
85151.8141061
88126.8141061
87472.8141061
86135.8141061
78240.8141061
69632.8141061
63380.8141061
54965.8141061
44526.8141061
32896.8141061
23340.8141061
12657.8141061
1707.81410607
-9315.18589393
-18952.1858939
-29513.1858939
-40583.1858939
-50905.1858939
-60260.1858939
-69772.1858939
-76589.1858939
-77971.1858939
-80113.1858939
-82864.1858939
-84868.1858939
-87630.1858939
-89078.1858939
-86747.1858939
-82248.1858939
-79022.1858939
-69092.1858939
-58939.1858939
-45792.1858939
-35586.1858939
-22010.1858939
-12095.1858939
-1233.18589393
6832.81410607
15041.8141061
24420.8141061
30628.8141061
36200.8141061
39644.8141061
43773.8141061
47972.8141061
54877.8141061
56693.8141061
57795.8141061
52862.8141061
46051.8141061
40461.8141061
33077.8141061
25648.8141061
16276.8141061
5940.81410607
-3958.18589393
-13014.1858939
-22817.1858939
-33338.1858939
-41100.1858939
-48644.1858939
-56425.1858939
-60924.1858939
-66798.1858939
-71297.1858939
-74466.1858939
-75944.1858939
-77747.1858939
-79664.1858939
-76701.1858939
-72898.1858939
-62508.1858939
-47431.1858939
-34289.1858939
-19533.1858939
-4874.18589393
7065.81410607
19629.8141061
32734.8141061
43139.8141061
53263.8141061
62814.8141061
71684.8141061
76384.8141061
81353.8141061
83843.8141061
85794.8141061
88408.8141061
91795.8141061
90562.8141061
88642.8141061
79270.8141061
71769.8141061
63818.8141061
56334.8141061
44912.8141061
34685.8141061
23351.8141061
13327.8141061
2599.81410607
-8778.18589393
-18126.1858939
-29761.1858939
-40455.1858939
-50748.1858939
-59153.1858939
-68553.1858939
-73407.1858939
-76226.1858939
-78574.1858939
-79458.1858939
-80258.1858939
-83352.1858939
-86206.1858939
-82791.1858939
-78451.1858939
-74861.1858939
-65838.1858939
-55569.1858939
-43071.1858939
-31333.1858939
-20311.1858939
-8937.18589393
961.814106069
11346.8141061
19190.8141061
28104.8141061
34404.8141061
40408.8141061
45094.8141061
48570.8141061
52643.8141061
58072.8141061
60544.8141061
60210.8141061
55415.8141061
47940.8141061
42635.8141061
36796.8141061
30369.8141061
21766.8141061
12645.8141061
2744.81410607
-8194.18589393
-18096.1858939
-28298.1858939
-37577.1858939
-45349.1858939
-52068.1858939
-57929.1858939
-64280.1858939
-68662.1858939
-72715.1858939
-74984.1858939
-77471.1858939
-79710.1858939
-78248.1858939
-73338.1858939
-66084.1858939
-53595.1858939
-40153.1858939
-25898.1858939
-10382.1858939
2576.81410607
15284.8141061
27636.8141061
39150.8141061
50652.8141061
59991.8141061
68253.8141061
75602.8141061
81826.8141061
84926.8141061
87627.8141061
89998.8141061
93325.8141061
95821.8141061
93914.8141061
93401.8141061
84206.8141061
76448.8141061
70468.8141061
62401.8141061
52489.8141061
41593.8141061
31657.8141061
20683.8141061
10803.8141061
355.814106069
-10138.1858939
-20716.1858939
-30991.1858939
-40870.1858939
-50901.1858939
-59145.1858939
-66634.1858939
-71476.1858939
-73692.1858939
-76214.1858939
-78423.1858939
-80338.1858939
-81814.1858939
-78797.1858939
-73720.1858939
-70727.1858939
-65298.1858939
-52363.1858939
-42694.1858939
-30445.1858939
-18698.1858939
-7123.18589393
1766.81410607
11996.8141061
19905.8141061
28522.8141061
36783.8141061
41132.8141061
45041.8141061
49021.8141061
53175.8141061
57802.8141061
63405.8141061
64306.8141061
61061.8141061
53550.8141061
46760.8141061
39205.8141061
31882.8141061
23121.8141061
14603.8141061
3457.81410607
-7401.18589393
-16984.1858939
-26084.1858939
-34281.1858939
-43381.1858939
-50451.1858939
-58292.1858939
-64212.1858939
-69321.1858939
-74100.1858939
-74983.1858939
-77884.1858939
-76138.1858939
-70434.1858939
-62931.1858939
-56042.1858939
-44149.1858939
-30392.1858939
-17696.1858939
-5703.18589393
6371.81410607
17554.8141061
28780.8141061
38799.8141061
47248.8141061
55140.8141061
62366.8141061
66316.8141061
68491.8141061
71768.8141061
73909.8141061
77125.8141061
75730.8141061
75676.8141061
71259.8141061
64493.8141061
58462.8141061
51372.8141061
43287.8141061
32757.8141061
22573.8141061
12514.8141061
1608.81410607
-8582.18589393
-19833.1858939
-29473.1858939
-40537.1858939
-50444.1858939
-59250.1858939
-67428.1858939
-73107.1858939
-75943.1858939
-78259.1858939
-79869.1858939
-80684.1858939
-82902.1858939
-80391.1858939
-75012.1858939
-70787.1858939
-63424.1858939
-50335.1858939
-38188.1858939
-25872.1858939
-13409.1858939
-417.185893931
10732.8141061
18948.8141061
27706.8141061
38969.8141061
46182.8141061
50792.8141061
55098.8141061
59161.8141061
63952.8141061
69213.8141061
68857.8141061
66659.8141061
61563.8141061
54239.8141061
46916.8141061
37899.8141061
27871.8141061
17439.8141061
7701.81410607
-3489.18589393
-13607.1858939
-24743.1858939
-33881.1858939
-43071.1858939
-52254.1858939
-60525.1858939
-68419.1858939
-73287.1858939
-77162.1858939
-79226.1858939
-81163.1858939
-83338.1858939
-84188.1858939
-82603.1858939
-74454.1858939
-63495.1858939
-48945.1858939
-36182.1858939
-24734.1858939
-11911.1858939
-286.185893931
11012.8141061
22260.8141061
33676.8141061
42192.8141061
50461.8141061
57540.8141061
60274.8141061
62461.8141061
64423.8141061
67090.8141061
70825.8141061
72933.8141061
72793.8141061
67293.8141061
60758.8141061
55148.8141061
47750.8141061
38124.8141061
29356.8141061
18882.8141061
8518.81410607
-2191.18589393
-12151.1858939
-22069.1858939
-30578.1858939
-40620.1858939
-48807.1858939
-57883.1858939
-65020.1858939
-70567.1858939
-72888.1858939
-76242.1858939
-77207.1858939
-80142.1858939
-82135.1858939
-84082.1858939
-85891.1858939
-89505.1858939
-88494.1858939
-78656.1858939
-68047.1858939
-56264.1858939
-43854.1858939
-30749.1858939
-18507.1858939
-6342.18589393
7734.81410607
18613.8141061
28298.8141061
37599.8141061
47309.8141061
53813.8141061
58835.8141061
63749.8141061
67392.8141061
72562.8141061
78522.8141061
79907.8141061
77342.8141061
71809.8141061
64454.8141061
59168.8141061
50456.8141061
40697.8141061
30995.8141061
20430.8141061
10883.8141061
778.814106069
-9402.18589393
-20748.1858939
-30042.1858939
-38228.1858939
-47499.1858939
-54711.1858939
-60646.1858939
-68050.1858939
-70695.1858939
-72546.1858939
-74904.1858939
-77257.1858939
-75602.1858939
-73486.1858939
-65912.1858939
-52122.1858939
-37811.1858939
-23826.1858939
-10666.1858939
1142.81410607
12547.8141061
25330.8141061
36944.8141061
46049.8141061
56150.8141061
64504.8141061
72495.8141061
78625.8141061
80154.8141061
82774.8141061
86638.8141061
87828.8141061
90531.8141061
89192.8141061
86540.8141061
78948.8141061
73060.8141061
67619.8141061
59479.8141061
49814.8141061
39788.8141061
29739.8141061
19057.8141061
8467.81410607
-1457.18589393
-10761.1858939
-21121.1858939
-31890.1858939
-41098.1858939
-49505.1858939
-57997.1858939
-64629.1858939
-68422.1858939
-70835.1858939
-73175.1858939
-75440.1858939
-75725.1858939
-72969.1858939
-68985.1858939
-63293.1858939
-58129.1858939
-49681.1858939
-37378.1858939
-24150.1858939
-12354.1858939
518.814106069
13343.8141061
22706.8141061
32286.8141061
40981.8141061
50203.8141061
55959.8141061
60406.8141061
62959.8141061
66410.8141061
72079.8141061
76553.8141061
76243.8141061
72369.8141061
66870.8141061
57069.8141061
51686.8141061
42292.8141061
33794.8141061
24473.8141061
14024.8141061
2404.81410607
-7239.18589393
-17517.1858939
-28661.1858939
-37149.1858939
-47686.1858939
-55141.1858939
-62525.1858939
-68529.1858939
-71680.1858939
-72663.1858939
-74555.1858939
-72262.1858939
-67007.1858939
-59957.1858939
-49371.1858939
-34191.1858939
-19755.1858939
-7017.18589393
6289.81410607
19244.8141061
31339.8141061
43504.8141061
54162.8141061
63585.8141061
71286.8141061
79297.8141061
81983.8141061
86151.8141061
88658.8141061
91562.8141061
95174.8141061
93745.8141061
92245.8141061
86548.8141061
78380.8141061
70601.8141061
63187.8141061
53052.8141061
43943.8141061
31970.8141061
22219.8141061
11154.8141061
1503.81410607
-9257.18589393
-21509.1858939
-32299.1858939
-42147.1858939
-51997.1858939
-58991.1858939
-65019.1858939
-69180.1858939
-70477.1858939
-73163.1858939
-75462.1858939
-78217.1858939
-79381.1858939
-76382.1858939
-72278.1858939
-65813.1858939
-55404.1858939
-41864.1858939
-29433.1858939
-15891.1858939
-1856.18589393
9258.81410607
21686.8141061
31686.8141061
40722.8141061
50251.8141061
56282.8141061
60602.8141061
65529.8141061
69280.8141061
73856.8141061
77978.8141061
77624.8141061
74852.8141061
67396.8141061
59557.8141061
52563.8141061
44200.8141061
33524.8141061
23392.8141061
12915.8141061
1650.81410607
-7689.18589393
-19299.1858939
-28976.1858939
-37288.1858939
-47267.1858939
-54960.1858939
-62089.1858939
-67812.1858939
-71597.1858939
-73573.1858939
-74371.1858939
-76018.1858939
-78586.1858939
-75973.1858939
-69163.1858939
-56236.1858939
-39656.1858939
-24197.1858939
-10441.1858939
5817.81410607
19569.8141061
33495.8141061
46537.8141061
58234.8141061
67290.8141061
78131.8141061
87914.8141061
92584.8141061
96588.8141061
99522.8141061
104175.814106
108412.814106
109248.814106
109002.814106
104678.814106
95254.8141061
85779.8141061
77653.8141061
66672.8141061
56351.8141061
44954.8141061
33198.8141061
21602.8141061
11809.8141061
-144.185893931
-10438.1858939
-19139.1858939
-30031.1858939
-40566.1858939
-50638.1858939
-58475.1858939
-63894.1858939
-67590.1858939
-69985.1858939
-72430.1858939
-75014.1858939
-76896.1858939
-78549.1858939
-77945.1858939
-76331.1858939
-71188.1858939
-60465.1858939
-48209.1858939
-37150.1858939
-24153.1858939
-11158.1858939
505.814106069
11567.8141061
23006.8141061
32650.8141061
43304.8141061
52949.8141061
58581.8141061
63111.8141061
67805.8141061
70759.8141061
72989.8141061
79861.8141061
80676.8141061
79139.8141061
73464.8141061
66686.8141061
60190.8141061
52306.8141061
44416.8141061
34012.8141061
23945.8141061
12513.8141061
2704.81410607
-7457.18589393
-17401.1858939
-26809.1858939
-36804.1858939
-45082.1858939
-53584.1858939
-60276.1858939
-66669.1858939
-68806.1858939
-69991.1858939
-73151.1858939
-72286.1858939
-67565.1858939
-60984.1858939
-50995.1858939
-36762.1858939
-22243.1858939
-9228.18589393
6867.81410607
19217.8141061
32027.8141061
45021.8141061
56471.8141061
67588.8141061
77593.8141061
86412.8141061
92263.8141061
96814.8141061
100031.814106
102482.814106
106895.814106
109837.814106
108231.814106
106497.814106
96788.8141061
87395.8141061
79793.8141061
70895.8141061
59843.8141061
48971.8141061
37087.8141061
26301.8141061
14988.8141061
4220.81410607
-6377.18589393
-17161.1858939
-28551.1858939
-38346.1858939
-48522.1858939
-56658.1858939
-63458.1858939
-67979.1858939
-69979.1858939
-72338.1858939
-73219.1858939
-75187.1858939
-75033.1858939
-68817.1858939
-64804.1858939
-58781.1858939
-49255.1858939
-37088.1858939
-25109.1858939
-12907.1858939
-480.185893931
11091.8141061
21221.8141061
29524.8141061
36911.8141061
45806.8141061
50828.8141061
53861.8141061
57713.8141061
61541.8141061
65550.8141061
70701.8141061
70585.8141061
67021.8141061
60126.8141061
53986.8141061
46971.8141061
40203.8141061
30437.8141061
21984.8141061
10876.8141061
236.814106069
-9625.18589393
-20453.1858939
-29867.1858939
-40241.1858939
-49019.1858939
-57392.1858939
-61652.1858939
-67710.1858939
-72029.1858939
-71396.1858939
-72934.1858939
-73209.1858939
-67198.1858939
-60943.1858939
-50798.1858939
-34406.1858939
-18488.1858939
-1921.18589393
12692.8141061
27110.8141061
40347.8141061
53465.8141061
66727.8141061
76992.8141061
87116.8141061
96440.8141061
102362.814106
107829.814106
110440.814106
113374.814106
117015.814106
120195.814106
119172.814106
114848.814106
102048.814106
93467.8141061
82387.8141061
72215.8141061
61191.8141061
48886.8141061
35250.8141061
25213.8141061
12807.8141061
722.814106069
-10431.1858939
-22710.1858939
-32958.1858939
-42740.1858939
-54097.1858939
-61193.1858939
-66789.1858939
-70443.1858939
-71734.1858939
-73138.1858939
-75977.1858939
-77459.1858939
-77482.1858939
-74077.1858939
-69466.1858939
-62628.1858939
-51869.1858939
-40096.1858939
-27699.1858939
-13893.1858939
-2344.18589393
9818.81410607
20093.8141061
28458.8141061
37770.8141061
45887.8141061
51547.8141061
54657.8141061
56400.8141061
61172.8141061
64320.8141061
67014.8141061
65137.8141061
61389.8141061
54191.8141061
47228.8141061
39422.8141061
32170.8141061
22046.8141061
12233.8141061
1628.81410607
-9873.18589393
-20419.1858939
-29533.1858939
-39527.1858939
-47898.1858939
-57136.1858939
-62418.1858939
-68309.1858939
-71320.1858939
-71446.1858939
-72771.1858939
-74258.1858939
-74054.1858939
-71203.1858939
-64743.1858939
-52660.1858939
-37785.1858939
-20363.1858939
-3486.18589393
11635.8141061
26090.8141061
42300.8141061
55189.8141061
68556.8141061
81196.8141061
92998.8141061
103783.814106
111676.814106
116139.814106
121802.814106
126135.814106
131489.814106
137133.814106
138751.814106
139633.814106
129276.814106
119928.814106
109012.814106
97926.8141061
83585.8141061
71017.8141061
58406.8141061
45589.8141061
32980.8141061
20449.8141061
8111.81410607
-3547.18589393
-17038.1858939
-28445.1858939
-39085.1858939
-50163.1858939
-58971.1858939
-61107.1858939
-63837.1858939
-67189.1858939
-69959.1858939
-71786.1858939
-74927.1858939
-77284.1858939
-73851.1858939
-71783.1858939
-63563.1858939
-52593.1858939
-41377.1858939
-29881.1858939
-18805.1858939
-6422.18589393
5266.81410607
17614.8141061
27662.8141061
35792.8141061
45052.8141061
51588.8141061
55960.8141061
59804.8141061
62051.8141061
65439.8141061
70536.8141061
72020.8141061
70241.8141061
65478.8141061
58461.8141061
51762.8141061
44039.8141061
35732.8141061
27040.8141061
16002.8141061
5572.81410607
-4769.18589393
-14399.1858939
-24127.1858939
-34051.1858939
-43087.1858939
-50321.1858939
-58386.1858939
-66036.1858939
-70535.1858939
-73699.1858939
-74869.1858939
-76190.1858939
-77696.1858939
-76103.1858939
-70714.1858939
-65171.1858939
-52976.1858939
-41147.1858939
-27246.1858939
-15070.1858939
-3417.18589393
8294.81410607
20333.8141061
32266.8141061
42895.8141061
52098.8141061
59412.8141061
67452.8141061
71564.8141061
74057.8141061
77844.8141061
80029.8141061
83637.8141061
87078.8141061
84932.8141061
83551.8141061
76566.8141061
71613.8141061
67072.8141061
60583.8141061
52499.8141061
41418.8141061
30583.8141061
20490.8141061
11169.8141061
633.814106069
-9495.18589393
-21732.1858939
-31272.1858939
-40852.1858939
-49514.1858939
-58785.1858939
-64656.1858939
-68569.1858939
-72622.1858939
-72710.1858939
-73261.1858939
-74921.1858939
-74207.1858939
-68440.1858939
-61540.1858939
-54018.1858939
-43522.1858939
-30283.1858939
-16790.1858939
-3878.18589393
7619.81410607
20789.8141061
32811.8141061
43091.8141061
52434.8141061
60754.8141061
67161.8141061
70929.8141061
73400.8141061
75899.8141061
79413.8141061
83965.8141061
84598.8141061
81975.8141061
75421.8141061
67916.8141061
60497.8141061
52476.8141061
42337.8141061
32617.8141061
22245.8141061
10943.8141061
-628.185893931
-12028.1858939
-23786.1858939
-33262.1858939
-43709.1858939
-52604.1858939
-61136.1858939
-67457.1858939
-72302.1858939
-74449.1858939
-76974.1858939
-76103.1858939
-71270.1858939
-66620.1858939
-59360.1858939
-47724.1858939
-35572.1858939
-24094.1858939
-12373.1858939
-1573.18589393
9860.81410607
20346.8141061
29256.8141061
36632.8141061
45760.8141061
51873.8141061
54261.8141061
57204.8141061
59744.8141061
62806.8141061
65958.8141061
65313.8141061
63132.8141061
57027.8141061
52179.8141061
48095.8141061
41797.8141061
32299.8141061
23580.8141061
14208.8141061
5331.81410607
-6375.18589393
-16176.1858939
-24894.1858939
-35425.1858939
-44951.1858939
-52823.1858939
-59977.1858939
-66952.1858939
-70363.1858939
-72842.1858939
-74150.1858939
-76123.1858939
-77332.1858939
-78204.1858939
-77097.1858939
-73251.1858939
-65570.1858939
-53820.1858939
-40607.1858939
-25852.1858939
-11626.1858939
2287.81410607
15802.8141061
28767.8141061
40684.8141061
52558.8141061
64684.8141061
73086.8141061
78639.8141061
82744.8141061
86079.8141061
90567.8141061
94024.8141061
94653.8141061
92850.8141061
87082.8141061
79882.8141061
72643.8141061
62582.8141061
51259.8141061
39115.8141061
26172.8141061
13956.8141061
1859.81410607
-8679.18589393
-19978.1858939
-31747.1858939
-41261.1858939
-51494.1858939
-59943.1858939
-66805.1858939
-71614.1858939
-75221.1858939
-77697.1858939
-80805.1858939
-84329.1858939
-85552.1858939
-82195.1858939
-74016.1858939
-65666.1858939
-55190.1858939
-42677.1858939
-30884.1858939
-20185.1858939
-9653.18589393
1455.81410607
11377.8141061
20857.8141061
28287.8141061
36375.8141061
41376.8141061
45090.8141061
48207.8141061
51311.8141061
55107.8141061
58625.8141061
59668.8141061
58765.8141061
53939.8141061
49704.8141061
45073.8141061
39574.8141061
33339.8141061
24850.8141061
16090.8141061
6720.81410607
-2049.18589393
-11450.1858939
-20887.1858939
-28707.1858939
-36799.1858939
-44514.1858939
-49029.1858939
-55236.1858939
-62258.1858939
-67015.1858939
-69381.1858939
-70781.1858939
-73174.1858939
-73852.1858939
-75487.1858939
-75908.1858939
-79202.1858939
-78182.1858939
-72532.1858939
-62795.1858939
-49725.1858939
-35199.1858939
-21013.1858939
-5103.18589393
10002.8141061
23913.8141061
39013.8141061
52136.8141061
65422.8141061
76577.8141061
87786.8141061
95976.8141061
102657.814106
106810.814106
111183.814106
114879.814106
118361.814106
120022.814106
118075.814106
113377.814106
104661.814106
93799.8141061
84581.8141061
74603.8141061
62182.8141061
50467.8141061
38044.8141061
24840.8141061
14763.8141061
2681.81410607
-7933.18589393
-19555.1858939
-30507.1858939
-41665.1858939
-51291.1858939
-59429.1858939
-66049.1858939
-69806.1858939
-73292.1858939
-75109.1858939
-76429.1858939
-73103.1858939
-69901.1858939
-67829.1858939
-63192.1858939
-53701.1858939
-46598.1858939
-39731.1858939
-29948.1858939
-20358.1858939
-11014.1858939
-580.185893931
8231.81410607
14786.8141061
19806.8141061
25782.8141061
30700.8141061
32748.8141061
35381.8141061
37710.8141061
40920.8141061
42855.8141061
40942.8141061
41452.8141061
38476.8141061
34856.8141061
33131.8141061
27379.8141061
21135.8141061
14460.8141061
5297.81410607
-2851.18589393
-9599.18589393
-19360.1858939
-27125.1858939
-33992.1858939
-41038.1858939
-45671.1858939
-50255.1858939
-54637.1858939
-61674.1858939
-64010.1858939
-66010.1858939
-66762.1858939
-65717.1858939
-60150.1858939
-50984.1858939
-41556.1858939
-30761.1858939
-23428.1858939
-11808.1858939
2616.81410607
16284.8141061
29004.8141061
43683.8141061
55495.8141061
66670.8141061
77820.8141061
86816.8141061
92779.8141061
95766.8141061
99520.8141061
101827.814106
104423.814106
106080.814106
102468.814106
98495.8141061
90335.8141061
82518.8141061
73425.8141061
62544.8141061
51664.8141061
39947.8141061
28077.8141061
16332.8141061
2343.81410607
-10305.1858939
-24259.1858939
-35651.1858939
-47269.1858939
-56607.1858939
-66363.1858939
-74706.1858939
-78030.1858939
-78071.1858939
-76186.1858939
-71971.1858939
-69940.1858939
-68060.1858939
-61254.1858939
-52889.1858939
-44968.1858939
-35728.1858939
-26918.1858939
-17753.1858939
-8240.18589393
-3118.18589393
4543.81410607
9760.81410607
15172.8141061
17030.8141061
20458.8141061
23871.8141061
26162.8141061
29283.8141061
29334.8141061
27850.8141061
22662.8141061
19034.8141061
15337.8141061
9259.81410607
3254.81410607
-3127.18589393
-11135.1858939
-18900.1858939
-27151.1858939
-34929.1858939
-42297.1858939
-49480.1858939
-54728.1858939
-58825.1858939
-65244.1858939
-69261.1858939
-70409.1858939
-72300.1858939
-73275.1858939
-73197.1858939
-74126.1858939
-72820.1858939
-69144.1858939
-62865.1858939
-51945.1858939
-36737.1858939
-21188.1858939
-4259.18589393
10832.8141061
26526.8141061
42335.8141061
56227.8141061
69516.8141061
81860.8141061
92138.8141061
100987.814106
107024.814106
112007.814106
117044.814106
120126.814106
120940.814106
117794.814106
110634.814106
100512.814106
88798.8141061
78159.8141061
65813.8141061
52473.8141061
39012.8141061
25163.8141061
11218.8141061
-1874.18589393
-15309.1858939
-26946.1858939
-40094.1858939
-50497.1858939
-60601.1858939
-68294.1858939
-72060.1858939
-77077.1858939
-80084.1858939
-83342.1858939
-88209.1858939
-90626.1858939
-84556.1858939
-78443.1858939
-75186.1858939
-67263.1858939
-58753.1858939
-49391.1858939
-40491.1858939
-31794.1858939
-23943.1858939
-16045.1858939
-10087.1858939
-2946.18589393
3023.81410607
7641.81410607
10121.8141061
13647.8141061
17900.8141061
20335.8141061
24501.8141061
26289.8141061
26624.8141061
18746.8141061
16288.8141061
12979.8141061
8958.81410607
4151.81410607
-2078.18589393
-7918.18589393
-15991.1858939
-21490.1858939
-30366.1858939
-36527.1858939
-42095.1858939
-48800.1858939
-51367.1858939
-58247.1858939
-65605.1858939
-70523.1858939
-72644.1858939
-73347.1858939
-76017.1858939
-77158.1858939
-79066.1858939
-81953.1858939
-83479.1858939
-85194.1858939
-81688.1858939
-70722.1858939
-57110.1858939
-43282.1858939
-26715.1858939
-10193.1858939
5647.81410607
23470.8141061
38159.8141061
52823.8141061
69289.8141061
82741.8141061
93705.8141061
103886.814106
112505.814106
119029.814106
127318.814106
134323.814106
136972.814106
136619.814106
133727.814106
126212.814106
115503.814106
104157.814106
93495.8141061
79706.8141061
67153.8141061
53909.8141061
39156.8141061
25206.8141061
12834.8141061
-1266.18589393
-13153.1858939
-25333.1858939
-37751.1858939
-50010.1858939
-59311.1858939
-65717.1858939
-70836.1858939
-76462.1858939
-79015.1858939
-81993.1858939
-83160.1858939
-81051.1858939
-77589.1858939
-74063.1858939
-66846.1858939
-58644.1858939
-53170.1858939
-45587.1858939
-38985.1858939
-32636.1858939
-24872.1858939
-19621.1858939
-13966.1858939
-7770.18589393
-3854.18589393
-1383.18589393
574.814106069
3187.81410607
6493.81410607
9318.81410607
10297.8141061
9615.81410607
5080.81410607
583.814106069
-2077.18589393
-4802.18589393
-10343.1858939
-14474.1858939
-19932.1858939
-25645.1858939
-32888.1858939
-39124.1858939
-44973.1858939
-48698.1858939
-54967.1858939
-58677.1858939
-62726.1858939
-68337.1858939
-73411.1858939
-75625.1858939
-76018.1858939
-76861.1858939
-77218.1858939
-76871.1858939
-78060.1858939
-73200.1858939
-64773.1858939
-55947.1858939
-42774.1858939
-27776.1858939
-12077.1858939
995.814106069
16632.8141061
32190.8141061
46392.8141061
60591.8141061
74353.8141061
85670.8141061
96327.8141061
105253.814106
111568.814106
117035.814106
123571.814106
127000.814106
125535.814106
123030.814106
116061.814106
106001.814106
95331.8141061
83766.8141061
72789.8141061
58832.8141061
44699.8141061
31364.8141061
19239.8141061
4663.81410607
-9164.18589393
-21119.1858939
-34242.1858939
-45915.1858939
-57072.1858939
-65863.1858939
-72660.1858939
-75341.1858939
-80432.1858939
-84328.1858939
-82735.1858939
-82810.1858939
-82173.1858939
-78970.1858939
-72733.1858939
-65276.1858939
-60272.1858939
-54346.1858939
-45593.1858939
-39208.1858939
-33938.1858939
-29518.1858939
-24050.1858939
-18467.1858939
-15122.1858939
-12854.1858939
-11267.1858939
-6523.18589393
-4652.18589393
-3301.18589393
-1214.18589393
-2385.18589393
-7675.18589393
-10447.1858939
-12699.1858939
-16084.1858939
-21030.1858939
-24032.1858939
-29925.1858939
-35003.1858939
-41753.1858939
-48453.1858939
-53621.1858939
-59125.1858939
-64278.1858939
-66629.1858939
-70671.1858939
-77167.1858939
-79608.1858939
-81926.1858939
-83040.1858939
-84474.1858939
-83584.1858939
-84997.1858939
-85112.1858939
-80181.1858939
-74772.1858939
-62279.1858939
-47376.1858939
-31698.1858939
-14769.1858939
76.8141060689
15556.8141061
31271.8141061
46389.8141061
58712.8141061
73025.8141061
85660.8141061
94710.8141061
103403.814106
111094.814106
116680.814106
121552.814106
124806.814106
123072.814106
120210.814106
113893.814106
103962.814106
92596.8141061
82239.8141061
68952.8141061
56438.8141061
43561.8141061
28843.8141061
15458.8141061
2069.81410607
-10526.1858939
-24003.1858939
-36460.1858939
-48472.1858939
-57938.1858939
-67402.1858939
-72902.1858939
-76979.1858939
-81199.1858939
-85635.1858939
-89737.1858939
-90607.1858939
-88009.1858939
-85201.1858939
-79788.1858939
-75140.1858939
-68949.1858939
-61874.1858939
-56220.1858939
-49205.1858939
-43923.1858939
-37321.1858939
-32543.1858939
-27576.1858939
-22504.1858939
-18923.1858939
-16479.1858939
-14791.1858939
-11352.1858939
-9062.18589393
-5796.18589393
-4288.18589393
-4697.18589393
-8848.18589393
-13076.1858939
-15206.1858939
-17486.1858939
-19870.1858939
-22962.1858939
-27157.1858939
-32639.1858939
-38294.1858939
-43380.1858939
-49101.1858939
-54323.1858939
-58757.1858939
-61070.1858939
-65622.1858939
-70942.1858939
-76108.1858939
-77573.1858939
-79580.1858939
-79870.1858939
-80740.1858939
-81237.1858939
-82629.1858939
-81770.1858939
-77291.1858939
-68742.1858939
-57824.1858939
-43712.1858939
-29731.1858939
-14048.1858939
404.814106069
16893.8141061
31982.8141061
45919.8141061
61327.8141061
74861.8141061
86111.8141061
95047.8141061
104282.814106
111591.814106
120161.814106
127960.814106
133258.814106
132609.814106
128959.814106
121203.814106
111607.814106
101000.814106
89155.8141061
77140.8141061
63554.8141061
51962.8141061
39070.8141061
25220.8141061
13592.8141061
